34
35
46
156
144
243
571
623
637
638
639
640
641
642
643
644
1025
1050
1376
1375
1400
1482
1555
1571
1678
1690
1331
1840
2634
4325
5002
20223
20189
11446
20089
20238
20264
20153
20239
20201
20240
20226
20164
20265
20130
20184
20117
20244
20118
20165
20171
19061
18975
19059
18043
20220
17658
19397
19634
19781
19907
19982
19972
20158
19992
20017
20041
20081
20082
20090
20107
20255
19780
19812
20080
19107
19993
20091
20225
20245
20224
20200
19387
20304
20311
20269
20346
20313
20159
20380
20051
20336
20410
20381
20379
20378